    1  1.00000E-01  2.83154E-02 -2.01866E-03  1.02801E+02  9.59192E+01
    2  2.00000E-01  2.59091E-01  2.51103E-01  9.11703E+01  9.60490E+01
    3  3.00000E-01  1.53750E-01 -1.30257E-03  9.82975E+01  9.83354E+01
    4  4.00000E-01  2.28250E-01 -1.41507E-01  1.02300E+02  9.73401E+01
    5  5.00000E-01 -2.50924E-03 -2.28289E-01  1.03334E+02  9.68493E+01
    6  6.00000E-01 -2.00206E-01 -1.07492E-01  1.00390E+02  9.56305E+01
    7  7.00000E-01 -3.56879E-01 -3.83707E-01  1.04222E+02  9.61683E+01
    8  8.00000E-01 -1.64964E-01 -5.91820E-01  1.04659E+02  9.87036E+01
    9  9.00000E-01 -1.80914E-01 -6.65818E-01  1.03617E+02  1.01228E+02
   10  1.00000E+00 -2.88678E-01 -8.24062E-01  1.04842E+02  1.01341E+02
   11  1.10000E+00 -5.23202E-01 -9.13229E-01  1.05505E+02  1.01969E+02
   12  1.20000E+00 -3.45705E-01 -9.88040E-01  1.03944E+02  1.01733E+02
   13  1.30000E+00 -3.87978E-01 -9.82418E-01  1.02356E+02  1.02230E+02
   14  1.40000E+00 -1.58263E-01 -7.24365E-01  1.02388E+02  1.02406E+02
   15  1.50000E+00 -1.26660E-02 -6.77849E-01  1.03017E+02  1.03724E+02
   16  1.60000E+00 -9.75887E-02 -7.73483E-01  1.02833E+02  1.02665E+02
   17  1.70000E+00 -9.93131E-03 -6.66808E-01  1.00330E+02  1.01767E+02
   18  1.80000E+00 -3.58366E-02 -6.37362E-01  9.85451E+01  1.00000E+02
   19  1.90000E+00 -1.01875E-01 -3.76213E-01  9.92287E+01  9.96652E+01
   20  2.00000E+00 -8.47081E-02 -2.83303E-01  9.51345E+01  9.96436E+01
   21  2.10000E+00 -1.08388E-02 -2.59642E-01  9.66650E+01  9.96512E+01
   22  2.20000E+00 -2.11288E-01 -3.30386E-01  9.78748E+01  9.77601E+01
   23  2.30000E+00 -3.42019E-01 -2.23374E-01  9.73509E+01  9.47095E+01
   24  2.40000E+00 -3.73426E-01 -2.47015E-01  9.80108E+01  9.45726E+01
   25  2.50000E+00 -4.53387E-01 -3.86031E-01  9.58442E+01  9.50681E+01
   26  2.60000E+00 -7.40748E-01 -2.81025E-01  9.62658E+01  9.37157E+01
   27  2.70000E+00 -8.10027E-01 -2.11296E-01  9.53251E+01  9.43437E+01
   28  2.80000E+00 -8.50519E-01 -3.57472E-01  9.49360E+01  9.49000E+01
   29  2.90000E+00 -6.46694E-01 -5.42865E-01  9.32994E+01  9.64130E+01
   30  3.00000E+00 -6.01585E-01 -7.08289E-01  9.16838E+01  9.73880E+01
   31  3.10000E+00 -5.38981E-01 -7.29725E-01  9.13150E+01  9.54552E+01
   32  3.20000E+00 -4.60628E-01 -7.75526E-01  9.02618E+01  9.58231E+01
   33  3.30000E+00 -5.53426E-01 -9.58457E-01  8.84607E+01  9.69039E+01
   34  3.40000E+00 -4.15068E-01 -1.01127E+00  8.74519E+01  9.42715E+01
   35  3.50000E+00 -4.42587E-01 -9.76048E-01  8.79837E+01  9.23848E+01
   36  3.60000E+00 -3.16192E-01 -1.17681E+00  8.66277E+01  9.36124E+01
   37  3.70000E+00 -3.02354E-01 -1.15000E+00  8.55951E+01  9.38073E+01
   38  3.80000E+00 -1.74122E-01 -1.22078E+00  8.46929E+01  9.35049E+01
   39  3.90000E+00 -2.57444E-01 -1.02212E+00  8.44188E+01  9.45440E+01
   40  4.00000E+00 -3.08265E-01 -1.09984E+00  8.32608E+01  9.58575E+01
   41  4.10000E+00 -2.11035E-01 -1.13624E+00  8.30609E+01  9.57971E+01
   42  4.20000E+00 -2.21491E-01 -1.30125E+00  8.25521E+01  9.55236E+01
   43  4.30000E+00 -3.45965E-01 -1.20494E+00  8.27841E+01  9.60045E+01
   44  4.40000E+00 -3.46806E-01 -1.39875E+00  8.17987E+01  9.57331E+01
   45  4.50000E+00 -2.59778E-01 -1.31937E+00  8.12166E+01  9.68093E+01
   46  4.60000E+00 -3.63730E-01 -1.19477E+00  7.97415E+01  9.75300E+01
   47  4.70000E+00 -4.81777E-01 -9.28636E-01  7.89445E+01  9.95071E+01
   48  4.80000E+00 -5.52974E-01 -7.91327E-01  7.91270E+01  9.83860E+01
   49  4.90000E+00 -6.32350E-01 -4.35077E-01  7.84376E+01  9.96492E+01
   50  5.00000E+00 -7.01073E-01 -4.34272E-01  7.80476E+01  9.87793E+01
   51  5.10000E+00 -7.09373E-01 -3.46362E-01  7.82710E+01  9.81461E+01
   52  5.20000E+00 -6.62887E-01 -1.73509E-01  7.85612E+01  9.78477E+01
   53  5.30000E+00 -7.20645E-01 -4.88132E-02  7.88860E+01  9.68029E+01
   54  5.40000E+00 -9.00026E-01  4.86928E-02  7.86775E+01  9.60228E+01
   55  5.50000E+00 -8.47481E-01  2.28549E-01  7.81599E+01  9.53453E+01
   56  5.60000E+00 -8.50691E-01  3.48355E-01  7.85949E+01  9.72379E+01
   57  5.70000E+00 -1.12753E+00  4.73661E-01  7.80178E+01  9.75485E+01
   58  5.80000E+00 -1.29875E+00  1.50888E-01  7.67435E+01  9.88407E+01
   59  5.90000E+00 -1.09160E+00  2.76846E-01  7.63472E+01  9.97769E+01
   60  6.00000E+00 -1.26378E+00  3.93814E-01  7.52714E+01  9.92137E+01
   61  6.10000E+00 -1.32467E+00  3.40891E-01  7.49946E+01  1.00216E+02
   62  6.20000E+00 -1.44907E+00  5.64182E-01  7.41022E+01  1.00203E+02
   63  6.30000E+00 -1.62470E+00  3.65868E-01  7.42366E+01  1.00574E+02
   64  6.40000E+00 -1.66653E+00  3.44089E-01  7.40682E+01  1.00129E+02
   65  6.50000E+00 -1.75946E+00  6.85831E-01  7.33168E+01  9.96443E+01
   66  6.60000E+00 -1.89879E+00  6.44296E-01  7.25177E+01  1.00707E+02
   67  6.70000E+00 -2.05897E+00  6.27632E-01  7.19192E+01  1.00727E+02
   68  6.80000E+00 -2.01210E+00  7.95522E-01  7.15329E+01  1.01725E+02
   69  6.90000E+00 -2.35735E+00  8.17069E-01  7.22107E+01  1.01156E+02
   70  7.00000E+00 -2.18595E+00  7.65868E-01  7.25708E+01  1.01698E+02
   71  7.10000E+00 -2.00794E+00  6.68385E-01  7.09906E+01  1.01839E+02
   72  7.20000E+00 -2.07566E+00  8.18656E-01  7.00232E+01  1.01825E+02
   73  7.30000E+00 -2.19895E+00  5.92624E-01  7.00740E+01  1.01452E+02
   74  7.40000E+00 -2.27121E+00  7.02062E-01  7.06289E+01  1.01373E+02
   75  7.50000E+00 -2.51120E+00  1.01296E+00  6.99122E+01  1.01801E+02
   76  7.60000E+00 -2.62704E+00  9.46939E-01  6.88309E+01  1.01527E+02
   77  7.70000E+00 -2.60981E+00  8.64538E-01  6.81752E+01  1.01961E+02
   78  7.80000E+00 -2.65097E+00  9.25631E-01  6.79401E+01  1.02520E+02
   79  7.90000E+00 -2.73179E+00  7.48854E-01  6.74199E+01  1.01957E+02
   80  8.00000E+00 -2.85022E+00  8.55865E-01  6.70391E+01  1.00296E+02
   81  8.10000E+00 -3.03927E+00  7.03723E-01  6.72070E+01  1.00786E+02
   82  8.20000E+00 -3.11021E+00  7.14023E-01  6.73316E+01  1.01172E+02
   83  8.30000E+00 -3.33158E+00  6.56974E-01  6.74360E+01  1.01557E+02
   84  8.40000E+00 -3.53453E+00  8.51717E-01  6.68493E+01  1.00649E+02
   85  8.50000E+00 -3.77410E+00  9.18309E-01  6.57212E+01  9.96152E+01
   86  8.60000E+00 -3.60661E+00  1.06576E+00  6.54317E+01  9.91082E+01
   87  8.70000E+00 -3.61804E+00  9.09119E-01  6.65719E+01  9.81999E+01
   88  8.80000E+00 -3.63402E+00  8.01534E-01  6.59483E+01  9.70084E+01
   89  8.90000E+00 -3.71980E+00  9.68215E-01  6.57798E+01  9.61642E+01
   90  9.00000E+00 -3.94570E+00  9.76579E-01  6.56060E+01  9.65595E+01
   91  9.10000E+00 -4.11669E+00  1.16796E+00  6.52232E+01  9.65561E+01
   92  9.20000E+00 -4.40488E+00  1.04748E+00  6.57517E+01  9.61886E+01
   93  9.30000E+00 -4.56616E+00  9.11329E-01  6.53895E+01  9.58355E+01
   94  9.40000E+00 -4.40167E+00  9.45851E-01  6.54107E+01  9.66596E+01
   95  9.50000E+00 -4.60723E+00  7.94544E-01  6.50266E+01  9.65812E+01
   96  9.60000E+00 -4.84156E+00  8.31502E-01  6.54347E+01  9.54517E+01
   97  9.70000E+00 -4.83999E+00  9.22232E-01  6.52535E+01  9.57651E+01
   98  9.80000E+00 -4.86456E+00  1.10080E+00  6.46835E+01  9.65399E+01
   99  9.90000E+00 -5.15817E+00  1.10680E+00  6.50572E+01  9.69881E+01
  100  1.00000E+01 -5.07035E+00  1.30166E+00  6.53030E+01  9.76344E+01
  101  1.01000E+01 -5.22489E+00  1.21670E+00  6.52572E+01  9.76741E+01
  102  1.02000E+01 -5.06726E+00  1.16736E+00  6.48385E+01  9.81077E+01
  103  1.03000E+01 -5.06451E+00  1.30886E+00  6.44445E+01  9.86705E+01
  104  1.04000E+01 -5.10115E+00  1.29530E+00  6.37410E+01  9.88874E+01
  105  1.05000E+01 -4.97668E+00  1.22759E+00  6.30589E+01  9.82786E+01
  106  1.06000E+01 -5.04198E+00  1.55455E+00  6.28801E+01  9.89740E+01
  107  1.07000E+01 -5.18684E+00  1.50496E+00  6.24279E+01  9.96536E+01
  108  1.08000E+01 -5.23232E+00  1.25427E+00  6.30141E+01  9.91866E+01
  109  1.09000E+01 -5.18196E+00  1.11755E+00  6.37117E+01  9.84410E+01
  110  1.10000E+01 -5.46652E+00  1.15285E+00  6.34115E+01  9.77718E+01
  111  1.11000E+01 -5.42801E+00  9.92955E-01  6.39175E+01  9.73725E+01
  112  1.12000E+01 -5.54505E+00  1.03770E+00  6.43065E+01  9.81421E+01
  113  1.13000E+01 -5.52372E+00  7.45230E-01  6.37787E+01  9.85051E+01
  114  1.14000E+01 -5.93470E+00  6.37092E-01  6.38268E+01  9.88945E+01
  115  1.15000E+01 -6.09650E+00  3.60533E-01  6.40803E+01  9.88345E+01
  116  1.16000E+01 -6.22121E+00  2.36054E-01  6.36898E+01  9.90510E+01
  117  1.17000E+01 -6.31515E+00  2.69799E-01  6.31631E+01  9.99063E+01
  118  1.18000E+01 -6.36899E+00  5.28535E-01  6.31685E+01  1.00718E+02
  119  1.19000E+01 -6.59472E+00  6.69233E-01  6.30150E+01  1.00777E+02
  120  1.20000E+01 -6.35979E+00  7.29791E-01  6.25102E+01  1.00435E+02
  121  1.21000E+01 -6.54583E+00  9.18762E-01  6.25475E+01  9.95862E+01
  122  1.22000E+01 -6.56076E+00  7.67884E-01  6.27131E+01  9.94295E+01
  123  1.23000E+01 -6.96181E+00  1.08622E+00  6.30678E+01  9.85330E+01
  124  1.24000E+01 -7.22288E+00  1.19525E+00  6.24422E+01  9.85907E+01
  125  1.25000E+01 -7.22124E+00  1.17834E+00  6.33733E+01  9.81386E+01
  126  1.26000E+01 -7.25761E+00  1.03416E+00  6.33071E+01  9.83920E+01
  127  1.27000E+01 -7.21048E+00  1.19019E+00  6.35552E+01  9.87834E+01
  128  1.28000E+01 -7.49820E+00  1.40656E+00  6.29858E+01  9.94825E+01
  129  1.29000E+01 -7.59287E+00  1.71033E+00  6.28600E+01  9.84277E+01
  130  1.30000E+01 -7.53742E+00  1.83375E+00  6.28958E+01  9.84127E+01
  131  1.31000E+01 -7.61256E+00  1.67790E+00  6.23200E+01  9.83110E+01
  132  1.32000E+01 -7.93757E+00  1.61701E+00  6.19006E+01  9.80422E+01
  133  1.33000E+01 -8.05186E+00  1.50242E+00  6.22021E+01  9.85552E+01
  134  1.34000E+01 -7.89764E+00  1.57936E+00  6.19926E+01  9.83589E+01
  135  1.35000E+01 -7.94587E+00  1.56594E+00  6.24179E+01  9.80967E+01
  136  1.36000E+01 -8.14091E+00  1.55268E+00  6.28106E+01  9.93700E+01
  137  1.37000E+01 -8.34938E+00  1.60520E+00  6.22099E+01  9.94586E+01
  138  1.38000E+01 -8.17777E+00  1.61075E+00  6.24052E+01  9.91491E+01
  139  1.39000E+01 -8.12956E+00  1.64057E+00  6.25816E+01  9.98949E+01
  140  1.40000E+01 -8.06934E+00  1.62672E+00  6.30679E+01  1.01067E+02
  141  1.41000E+01 -8.01004E+00  1.47673E+00  6.30260E+01  1.01073E+02
  142  1.42000E+01 -8.38968E+00  1.73452E+00  6.28666E+01  1.01076E+02
  143  1.43000E+01 -8.44784E+00  1.48952E+00  6.32249E+01  1.01461E+02
  144  1.44000E+01 -8.56238E+00  1.35086E+00  6.34457E+01  1.02504E+02
  145  1.45000E+01 -8.49628E+00  1.32516E+00  6.27078E+01  1.02734E+02
  146  1.46000E+01 -8.58496E+00  1.33774E+00  6.20759E+01  1.02291E+02
  147  1.47000E+01 -8.72025E+00  1.33741E+00  6.15891E+01  1.01915E+02
  148  1.48000E+01 -8.92129E+00  9.89506E-01  6.15602E+01  1.02138E+02
  149  1.49000E+01 -8.96578E+00  8.64972E-01  6.10489E+01  1.02416E+02
  150  1.50000E+01 -9.01928E+00  1.02723E+00  6.09459E+01  1.02065E+02
  151  1.51000E+01 -9.01430E+00  1.01393E+00  6.08405E+01  1.02523E+02
  152  1.52000E+01 -9.09095E+00  8.85491E-01  6.11672E+01  1.02879E+02
  153  1.53000E+01 -9.17695E+00  9.16584E-01  6.16743E+01  1.02022E+02
  154  1.54000E+01 -9.44032E+00  9.40106E-01  6.14128E+01  1.02052E+02
  155  1.55000E+01 -9.45157E+00  7.24002E-01  6.13637E+01  1.01834E+02
  156  1.56000E+01 -9.63570E+00  7.45492E-01  6.12857E+01  1.02399E+02
  157  1.57000E+01 -9.80408E+00  6.92620E-01  6.11582E+01  1.02243E+02
  158  1.58000E+01 -9.87613E+00  7.04951E-01  6.06208E+01  1.02215E+02
  159  1.59000E+01 -9.80470E+00  9.52902E-01  6.05192E+01  1.02935E+02
  160  1.60000E+01 -9.83938E+00  6.15309E-01  6.06020E+01  1.02290E+02
  161  1.61000E+01 -9.90773E+00  5.72574E-01  6.00760E+01  1.01913E+02
  162  1.62000E+01 -1.01403E+01  4.52109E-01  5.96389E+01  1.02247E+02
  163  1.63000E+01 -1.01820E+01  2.40281E-01  5.97827E+01  1.00993E+02
  164  1.64000E+01 -1.02814E+01  3.54127E-01  5.99548E+01  1.01146E+02
  165  1.65000E+01 -1.02492E+01  1.54649E-01  6.06793E+01  1.00466E+02
  166  1.66000E+01 -1.04147E+01 -3.53105E-02  6.10880E+01  1.00792E+02
  167  1.67000E+01 -1.04396E+01  1.59012E-01  6.04346E+01  1.01405E+02
  168  1.68000E+01 -1.06075E+01  4.78730E-02  6.08672E+01  1.01763E+02
  169  1.69000E+01 -1.04432E+01  8.10097E-02  6.10163E+01  1.02186E+02
  170  1.70000E+01 -1.05144E+01  7.95323E-02  6.10057E+01  1.02623E+02
  171  1.71000E+01 -1.02398E+01  6.26297E-02  6.14318E+01  1.02755E+02
  172  1.72000E+01 -1.01641E+01  1.53832E-01  6.08666E+01  1.02834E+02
  173  1.73000E+01 -1.05446E+01  1.61211E-02  6.12601E+01  1.04128E+02
  174  1.74000E+01 -1.08008E+01  4.51809E-02  6.13765E+01  1.04315E+02
  175  1.75000E+01 -1.09456E+01  1.38088E-01  6.12049E+01  1.04952E+02
  176  1.76000E+01 -1.12264E+01  2.78990E-01  6.17431E+01  1.04858E+02
  177  1.77000E+01 -1.12948E+01  1.65732E-01  6.17148E+01  1.03798E+02
  178  1.78000E+01 -1.16634E+01  7.51415E-02  6.17294E+01  1.04369E+02
  179  1.79000E+01 -1.18041E+01  1.39378E-01  6.10058E+01  1.04120E+02
  180  1.80000E+01 -1.19298E+01  1.23050E-01  6.08552E+01  1.04810E+02
  181  1.81000E+01 -1.21451E+01 -4.67679E-02  6.05007E+01  1.03164E+02
  182  1.82000E+01 -1.21167E+01  1.40538E-02  6.08009E+01  1.03424E+02
  183  1.83000E+01 -1.24069E+01  2.91921E-01  6.02746E+01  1.03209E+02
  184  1.84000E+01 -1.24234E+01  4.01259E-01  6.03304E+01  1.02965E+02
  185  1.85000E+01 -1.24966E+01  3.51406E-01  6.06940E+01  1.02980E+02
  186  1.86000E+01 -1.26597E+01  4.23933E-01  6.02423E+01  1.03461E+02
  187  1.87000E+01 -1.27088E+01  2.00860E-01  6.00070E+01  1.03982E+02
  188  1.88000E+01 -1.25306E+01  2.44837E-01  5.96614E+01  1.04395E+02
  189  1.89000E+01 -1.24739E+01  2.28022E-01  5.91194E+01  1.03596E+02
  190  1.90000E+01 -1.26598E+01  1.53222E-01  5.88218E+01  1.03425E+02
  191  1.91000E+01 -1.24965E+01  8.93529E-02  5.89788E+01  1.03161E+02
  192  1.92000E+01 -1.27698E+01 -3.64995E-02  5.87637E+01  1.03248E+02
  193  1.93000E+01 -1.28280E+01 -3.63088E-01  5.79915E+01  1.02057E+02
  194  1.94000E+01 -1.31316E+01 -7.13693E-01  5.77052E+01  1.02598E+02
  195  1.95000E+01 -1.33053E+01 -6.88797E-01  5.65223E+01  1.03196E+02
  196  1.96000E+01 -1.30562E+01 -8.38476E-01  5.68682E+01  1.03082E+02
  197  1.97000E+01 -1.31003E+01 -9.19350E-01  5.72484E+01  1.02568E+02
  198  1.98000E+01 -1.30942E+01 -9.39166E-01  5.68869E+01  1.02733E+02
  199  1.99000E+01 -1.34454E+01 -1.15686E+00  5.70210E+01  1.03054E+02
  200  2.00000E+01 -1.36220E+01 -1.06189E+00  5.62770E+01  1.03083E+02
