    1  1.00000E-01  2.83154E-02 -2.01866E-03  1.02801E+02  9.59192E+01
    2  2.00000E-01  2.59091E-01  2.51103E-01  9.11703E+01  9.60490E+01
    3  3.00000E-01  1.53750E-01 -1.30257E-03  9.82975E+01  9.83354E+01
    4  4.00000E-01  2.28250E-01 -1.41507E-01  1.02300E+02  9.73401E+01
    5  5.00000E-01 -2.50924E-03 -2.28289E-01  1.03334E+02  9.68493E+01
    6  6.00000E-01 -2.00206E-01 -1.07492E-01  1.00390E+02  9.56305E+01
    7  7.00000E-01 -3.56879E-01 -3.83707E-01  1.04222E+02  9.61683E+01
    8  8.00000E-01 -1.64964E-01 -5.91820E-01  1.04659E+02  9.87036E+01
    9  9.00000E-01 -1.78592E-01 -6.65818E-01  1.03744E+02  1.01228E+02
   10  1.00000E+00 -2.73187E-01 -8.24062E-01  1.05739E+02  1.01341E+02
   11  1.10000E+00 -5.01182E-01 -9.13229E-01  1.06643E+02  1.01969E+02
   12  1.20000E+00 -3.20558E-01 -9.88040E-01  1.05082E+02  1.01733E+02
   13  1.30000E+00 -3.61101E-01 -9.82418E-01  1.03385E+02  1.02230E+02
   14  1.40000E+00 -1.23956E-01 -7.24365E-01  1.03535E+02  1.02406E+02
   15  1.50000E+00  2.41506E-02 -6.77849E-01  1.04155E+02  1.03724E+02
   16  1.60000E+00 -3.31186E-02 -7.73483E-01  1.04912E+02  1.02665E+02
   17  1.70000E+00  6.02589E-02 -6.66808E-01  1.02331E+02  1.01767E+02
   18  1.80000E+00  4.65796E-02 -6.37362E-01  1.00731E+02  1.00000E+02
   19  1.90000E+00 -2.75833E-03 -3.76213E-01  1.01722E+02  9.96652E+01
   20  2.00000E+00  2.95756E-02 -2.83303E-01  9.78897E+01  9.96436E+01
   21  2.10000E+00  1.13479E-01 -2.59642E-01  9.94809E+01  9.96512E+01
   22  2.20000E+00 -6.21951E-02 -3.30386E-01  1.01216E+02  9.77601E+01
   23  2.30000E+00 -1.73932E-01 -2.23374E-01  1.00981E+02  9.47095E+01
   24  2.40000E+00 -1.79785E-01 -2.47015E-01  1.02120E+02  9.45726E+01
   25  2.50000E+00 -2.24153E-01 -3.86031E-01  1.00561E+02  9.50681E+01
   26  2.60000E+00 -4.67382E-01 -2.81025E-01  1.01794E+02  9.37157E+01
   27  2.70000E+00 -4.99078E-01 -2.11296E-01  1.01372E+02  9.43437E+01
   28  2.80000E+00 -5.14074E-01 -3.57472E-01  1.01215E+02  9.49000E+01
   29  2.90000E+00 -2.58366E-01 -5.42865E-01  1.00088E+02  9.64130E+01
   30  3.00000E+00 -1.51156E-01 -7.08289E-01  9.93522E+01  9.73880E+01
   31  3.10000E+00 -3.44017E-02 -7.29725E-01  9.97067E+01  9.54552E+01
   32  3.20000E+00  1.01557E-01 -7.75526E-01  9.92953E+01  9.58231E+01
   33  3.30000E+00  5.65056E-02 -9.58457E-01  9.79567E+01  9.69039E+01
   34  3.40000E+00  2.27642E-01 -1.01127E+00  9.69520E+01  9.42715E+01
   35  3.50000E+00  2.45845E-01 -9.76048E-01  9.77241E+01  9.23848E+01
   36  3.60000E+00  4.24227E-01 -1.17681E+00  9.66536E+01  9.36124E+01
   37  3.70000E+00  4.93081E-01 -1.15000E+00  9.62799E+01  9.38073E+01
   38  3.80000E+00  6.76979E-01 -1.22078E+00  9.58073E+01  9.35049E+01
   39  3.90000E+00  6.34590E-01 -1.02212E+00  9.58025E+01  9.45440E+01
   40  4.00000E+00  6.34246E-01 -1.09984E+00  9.50318E+01  9.58575E+01
   41  4.10000E+00  7.87372E-01 -1.13624E+00  9.49707E+01  9.57971E+01
   42  4.20000E+00  8.56465E-01 -1.30125E+00  9.52108E+01  9.55236E+01
   43  4.30000E+00  8.03089E-01 -1.20494E+00  9.61531E+01  9.60045E+01
   44  4.40000E+00  8.56169E-01 -1.39875E+00  9.52989E+01  9.57331E+01
   45  4.50000E+00  1.03829E+00 -1.31937E+00  9.56710E+01  9.68093E+01
   46  4.60000E+00  1.00518E+00 -1.19477E+00  9.45843E+01  9.75300E+01
   47  4.70000E+00  9.43811E-01 -9.28636E-01  9.39072E+01  9.95071E+01
   48  4.80000E+00  9.70207E-01 -7.91327E-01  9.48439E+01  9.83860E+01
   49  4.90000E+00  9.68045E-01 -4.35077E-01  9.45787E+01  9.96492E+01
   50  5.00000E+00  9.57010E-01 -4.34272E-01  9.46142E+01  9.87793E+01
   51  5.10000E+00  1.01926E+00 -3.46362E-01  9.51038E+01  9.81461E+01
   52  5.20000E+00  1.14287E+00 -1.73509E-01  9.55094E+01  9.78477E+01
   53  5.30000E+00  1.16511E+00 -4.88132E-02  9.61483E+01  9.68029E+01
   54  5.40000E+00  1.03073E+00  4.86928E-02  9.58549E+01  9.60228E+01
   55  5.50000E+00  1.15061E+00  2.28549E-01  9.56288E+01  9.53453E+01
   56  5.60000E+00  1.20590E+00  3.48355E-01  9.60133E+01  9.72379E+01
   57  5.70000E+00  9.99915E-01  4.73661E-01  9.59448E+01  9.75485E+01
   58  5.80000E+00  8.87514E-01  1.50888E-01  9.45995E+01  9.88407E+01
   59  5.90000E+00  1.19111E+00  2.76846E-01  9.49528E+01  9.97769E+01
   60  6.00000E+00  1.12469E+00  3.93814E-01  9.46894E+01  9.92137E+01
   61  6.10000E+00  1.15196E+00  3.40891E-01  9.46997E+01  1.00216E+02
   62  6.20000E+00  1.11188E+00  5.64182E-01  9.40979E+01  1.00203E+02
   63  6.30000E+00  1.04322E+00  3.65868E-01  9.50004E+01  1.00574E+02
   64  6.40000E+00  1.10522E+00  3.44089E-01  9.53431E+01  1.00129E+02
   65  6.50000E+00  1.12682E+00  6.85831E-01  9.51943E+01  9.96443E+01
   66  6.60000E+00  1.10455E+00  6.44296E-01  9.51812E+01  1.00707E+02
   67  6.70000E+00  1.05050E+00  6.27632E-01  9.52020E+01  1.00727E+02
   68  6.80000E+00  1.18048E+00  7.95522E-01  9.47012E+01  1.01725E+02
   69  6.90000E+00  9.26355E-01  8.17069E-01  9.57424E+01  1.01156E+02
   70  7.00000E+00  1.20311E+00  7.65868E-01  9.68896E+01  1.01698E+02
   71  7.10000E+00  1.51096E+00  6.68385E-01  9.62256E+01  1.01839E+02
   72  7.20000E+00  1.54715E+00  8.18656E-01  9.52609E+01  1.01825E+02
   73  7.30000E+00  1.52818E+00  5.92624E-01  9.58891E+01  1.01452E+02
   74  7.40000E+00  1.61108E+00  7.02062E-01  9.75577E+01  1.01373E+02
   75  7.50000E+00  1.53053E+00  1.01296E+00  9.76758E+01  1.01801E+02
   76  7.60000E+00  1.51488E+00  9.46939E-01  9.69738E+01  1.01527E+02
   77  7.70000E+00  1.67318E+00  8.64538E-01  9.69791E+01  1.01961E+02
   78  7.80000E+00  1.74060E+00  9.25631E-01  9.68713E+01  1.02520E+02
   79  7.90000E+00  1.74172E+00  7.48854E-01  9.61847E+01  1.01957E+02
   80  8.00000E+00  1.73054E+00  8.55865E-01  9.61302E+01  1.00296E+02
   81  8.10000E+00  1.61506E+00  7.03723E-01  9.64208E+01  1.00786E+02
   82  8.20000E+00  1.63373E+00  7.14023E-01  9.67050E+01  1.01172E+02
   83  8.30000E+00  1.49804E+00  6.56974E-01  9.70093E+01  1.01557E+02
   84  8.40000E+00  1.39505E+00  8.51717E-01  9.68087E+01  1.00649E+02
   85  8.50000E+00  1.23080E+00  9.18309E-01  9.57599E+01  9.96152E+01
   86  8.60000E+00  1.51734E+00  1.06576E+00  9.58115E+01  9.91082E+01
   87  8.70000E+00  1.61447E+00  9.09119E-01  9.76204E+01  9.81999E+01
   88  8.80000E+00  1.67782E+00  8.01534E-01  9.72750E+01  9.70084E+01
   89  8.90000E+00  1.69016E+00  9.68215E-01  9.71579E+01  9.61642E+01
   90  9.00000E+00  1.56017E+00  9.76579E-01  9.73032E+01  9.65595E+01
   91  9.10000E+00  1.48252E+00  1.16796E+00  9.67037E+01  9.65561E+01
   92  9.20000E+00  1.26835E+00  1.04748E+00  9.71845E+01  9.61886E+01
   93  9.30000E+00  1.18753E+00  9.11329E-01  9.69371E+01  9.58355E+01
   94  9.40000E+00  1.43022E+00  9.45851E-01  9.69529E+01  9.66596E+01
   95  9.50000E+00  1.33255E+00  7.94544E-01  9.66649E+01  9.65812E+01
   96  9.60000E+00  1.21980E+00  8.31502E-01  9.74670E+01  9.54517E+01
   97  9.70000E+00  1.32125E+00  9.22232E-01  9.78644E+01  9.57651E+01
   98  9.80000E+00  1.38044E+00  1.10080E+00  9.76315E+01  9.65399E+01
   99  9.90000E+00  1.16951E+00  1.10680E+00  9.82482E+01  9.69881E+01
  100  1.00000E+01  1.34836E+00  1.30166E+00  9.87846E+01  9.76344E+01
  101  1.01000E+01  1.28452E+00  1.21670E+00  9.89785E+01  9.76741E+01
  102  1.02000E+01  1.51309E+00  1.16736E+00  9.83190E+01  9.81077E+01
  103  1.03000E+01  1.59316E+00  1.30886E+00  9.79714E+01  9.86705E+01
  104  1.04000E+01  1.66012E+00  1.29530E+00  9.75675E+01  9.88874E+01
  105  1.05000E+01  1.86620E+00  1.22759E+00  9.71149E+01  9.82786E+01
  106  1.06000E+01  1.86927E+00  1.55455E+00  9.71814E+01  9.89740E+01
  107  1.07000E+01  1.81716E+00  1.50496E+00  9.68820E+01  9.96536E+01
  108  1.08000E+01  1.86948E+00  1.25427E+00  9.75279E+01  9.91866E+01
  109  1.09000E+01  2.01590E+00  1.11755E+00  9.84259E+01  9.84410E+01
  110  1.10000E+01  1.82804E+00  1.15285E+00  9.81365E+01  9.77718E+01
  111  1.11000E+01  1.98654E+00  9.92955E-01  9.93689E+01  9.73725E+01
  112  1.12000E+01  1.96748E+00  1.03770E+00  9.98643E+01  9.81421E+01
  113  1.13000E+01  2.08163E+00  7.45230E-01  9.94808E+01  9.85051E+01
  114  1.14000E+01  1.77371E+00  6.37092E-01  9.99129E+01  9.88945E+01
  115  1.15000E+01  1.70105E+00  3.60533E-01  1.00691E+02  9.88345E+01
  116  1.16000E+01  1.66852E+00  2.36054E-01  1.00460E+02  9.90510E+01
  117  1.17000E+01  1.63088E+00  2.69799E-01  9.94978E+01  9.99063E+01
  118  1.18000E+01  1.66466E+00  5.28535E-01  9.97285E+01  1.00718E+02
  119  1.19000E+01  1.52358E+00  6.69233E-01  9.96981E+01  1.00777E+02
  120  1.20000E+01  1.86341E+00  7.29791E-01  9.94763E+01  1.00435E+02
  121  1.21000E+01  1.80884E+00  9.18762E-01  9.99073E+01  9.95862E+01
  122  1.22000E+01  1.87429E+00  7.67884E-01  1.00185E+02  9.94295E+01
  123  1.23000E+01  1.54321E+00  1.08622E+00  1.00496E+02  9.85330E+01
  124  1.24000E+01  1.35912E+00  1.19525E+00  1.00225E+02  9.85907E+01
  125  1.25000E+01  1.47094E+00  1.17834E+00  1.01559E+02  9.81386E+01
  126  1.26000E+01  1.55438E+00  1.03416E+00  1.02097E+02  9.83920E+01
  127  1.27000E+01  1.69260E+00  1.19019E+00  1.02225E+02  9.87834E+01
  128  1.28000E+01  1.49150E+00  1.40656E+00  1.01462E+02  9.94825E+01
  129  1.29000E+01  1.48550E+00  1.71033E+00  1.01293E+02  9.84277E+01
  130  1.30000E+01  1.67787E+00  1.83375E+00  1.01829E+02  9.84127E+01
  131  1.31000E+01  1.70404E+00  1.67790E+00  1.01455E+02  9.83110E+01
  132  1.32000E+01  1.48758E+00  1.61701E+00  1.01027E+02  9.80422E+01
  133  1.33000E+01  1.48312E+00  1.50242E+00  1.01479E+02  9.85552E+01
  134  1.34000E+01  1.72237E+00  1.57936E+00  1.01427E+02  9.83589E+01
  135  1.35000E+01  1.76320E+00  1.56594E+00  1.01733E+02  9.80967E+01
  136  1.36000E+01  1.67959E+00  1.55268E+00  1.02790E+02  9.93700E+01
  137  1.37000E+01  1.59518E+00  1.60520E+00  1.02069E+02  9.94586E+01
  138  1.38000E+01  1.86254E+00  1.61075E+00  1.02051E+02  9.91491E+01
  139  1.39000E+01  2.00912E+00  1.64057E+00  1.01978E+02  9.98949E+01
  140  1.40000E+01  2.16009E+00  1.62672E+00  1.02638E+02  1.01067E+02
  141  1.41000E+01  2.29924E+00  1.47673E+00  1.02665E+02  1.01073E+02
  142  1.42000E+01  2.00398E+00  1.73452E+00  1.02356E+02  1.01076E+02
  143  1.43000E+01  2.03825E+00  1.48952E+00  1.03026E+02  1.01461E+02
  144  1.44000E+01  2.02315E+00  1.35086E+00  1.03406E+02  1.02504E+02
  145  1.45000E+01  2.18733E+00  1.32516E+00  1.02526E+02  1.02734E+02
  146  1.46000E+01  2.21056E+00  1.33774E+00  1.01961E+02  1.02291E+02
  147  1.47000E+01  2.18822E+00  1.33741E+00  1.01587E+02  1.01915E+02
  148  1.48000E+01  2.06116E+00  9.89506E-01  1.01239E+02  1.02138E+02
  149  1.49000E+01  2.12658E+00  8.64972E-01  1.00880E+02  1.02416E+02
  150  1.50000E+01  2.18125E+00  1.02723E+00  1.00881E+02  1.02065E+02
  151  1.51000E+01  2.28330E+00  1.01393E+00  1.01041E+02  1.02523E+02
  152  1.52000E+01  2.30833E+00  8.85491E-01  1.01604E+02  1.02879E+02
  153  1.53000E+01  2.31523E+00  9.16584E-01  1.02396E+02  1.02022E+02
  154  1.54000E+01  2.12763E+00  9.40106E-01  1.02080E+02  1.02052E+02
  155  1.55000E+01  2.21707E+00  7.24002E-01  1.02080E+02  1.01834E+02
  156  1.56000E+01  2.15264E+00  7.45492E-01  1.02371E+02  1.02399E+02
  157  1.57000E+01  2.08701E+00  6.92620E-01  1.01986E+02  1.02243E+02
  158  1.58000E+01  2.08428E+00  7.04951E-01  1.01361E+02  1.02215E+02
  159  1.59000E+01  2.25630E+00  9.52902E-01  1.01319E+02  1.02935E+02
  160  1.60000E+01  2.29905E+00  6.15309E-01  1.01477E+02  1.02290E+02
  161  1.61000E+01  2.34368E+00  5.72574E-01  1.00597E+02  1.01913E+02
  162  1.62000E+01  2.20733E+00  4.52109E-01  9.99620E+01  1.02247E+02
  163  1.63000E+01  2.27872E+00  2.40281E-01  1.00404E+02  1.00993E+02
  164  1.64000E+01  2.27917E+00  3.54127E-01  1.01123E+02  1.01146E+02
  165  1.65000E+01  2.41332E+00  1.54649E-01  1.02208E+02  1.00466E+02
  166  1.66000E+01  2.36724E+00 -3.53105E-02  1.02900E+02  1.00792E+02
  167  1.67000E+01  2.44079E+00  1.59012E-01  1.02156E+02  1.01405E+02
  168  1.68000E+01  2.36076E+00  4.78730E-02  1.02776E+02  1.01763E+02
  169  1.69000E+01  2.62567E+00  8.10097E-02  1.03125E+02  1.02186E+02
  170  1.70000E+01  2.63906E+00  7.95323E-02  1.03232E+02  1.02623E+02
  171  1.71000E+01  3.00592E+00  6.26297E-02  1.03629E+02  1.02755E+02
  172  1.72000E+01  3.16529E+00  1.53832E-01  1.02960E+02  1.02834E+02
  173  1.73000E+01  2.87192E+00  1.61211E-02  1.03328E+02  1.04128E+02
  174  1.74000E+01  2.78909E+00  4.51809E-02  1.03884E+02  1.04315E+02
  175  1.75000E+01  2.76218E+00  1.38088E-01  1.03861E+02  1.04952E+02
  176  1.76000E+01  2.61292E+00  2.78990E-01  1.04548E+02  1.04858E+02
  177  1.77000E+01  2.65220E+00  1.65732E-01  1.05119E+02  1.03798E+02
  178  1.78000E+01  2.38697E+00  7.51415E-02  1.05403E+02  1.04369E+02
  179  1.79000E+01  2.34590E+00  1.39378E-01  1.04737E+02  1.04120E+02
  180  1.80000E+01  2.30896E+00  1.23050E-01  1.04388E+02  1.04810E+02
  181  1.81000E+01  2.20799E+00 -4.67679E-02  1.04035E+02  1.03164E+02
  182  1.82000E+01  2.34120E+00  1.40538E-02  1.04431E+02  1.03424E+02
  183  1.83000E+01  2.17807E+00  2.91921E-01  1.03995E+02  1.03209E+02
  184  1.84000E+01  2.25681E+00  4.01259E-01  1.03724E+02  1.02965E+02
  185  1.85000E+01  2.29227E+00  3.51406E-01  1.04396E+02  1.02980E+02
  186  1.86000E+01  2.25961E+00  4.23933E-01  1.04128E+02  1.03461E+02
  187  1.87000E+01  2.33015E+00  2.00860E-01  1.04178E+02  1.03982E+02
  188  1.88000E+01  2.60202E+00  2.44837E-01  1.03993E+02  1.04395E+02
  189  1.89000E+01  2.77755E+00  2.28022E-01  1.03523E+02  1.03596E+02
  190  1.90000E+01  2.71736E+00  1.53222E-01  1.03270E+02  1.03425E+02
  191  1.91000E+01  3.00126E+00  8.93529E-02  1.03529E+02  1.03161E+02
  192  1.92000E+01  2.80830E+00 -3.64995E-02  1.03207E+02  1.03248E+02
  193  1.93000E+01  2.87889E+00 -3.63088E-01  1.02622E+02  1.02057E+02
  194  1.94000E+01  2.68555E+00 -7.13693E-01  1.02611E+02  1.02598E+02
  195  1.95000E+01  2.60963E+00 -6.88797E-01  1.01272E+02  1.03196E+02
  196  1.96000E+01  2.94664E+00 -8.38476E-01  1.01839E+02  1.03082E+02
  197  1.97000E+01  3.00027E+00 -9.19350E-01  1.02476E+02  1.02568E+02
  198  1.98000E+01  3.12512E+00 -9.39166E-01  1.02358E+02  1.02733E+02
  199  1.99000E+01  2.83697E+00 -1.15686E+00  1.02454E+02  1.03054E+02
  200  2.00000E+01  2.74418E+00 -1.06189E+00  1.01595E+02  1.03083E+02
